0.000000000000000000e+00 2.361905485073894972e+00 2.081816968765664466e+00 4.882666778564453125e+01 5.090000152587890625e+01
1.000000000000000000e+00 2.030130872594268165e+00 1.983415048173133410e+00 5.007333374023437500e+01 5.173333358764648438e+01
2.000000000000000000e+00 1.926188559293238622e+00 1.880239068193638508e+00 5.113999938964843750e+01 5.226666641235351562e+01
3.000000000000000000e+00 1.851598310063896857e+00 1.825409408579481418e+00 5.209333419799804688e+01 5.316666793823242188e+01
4.000000000000000000e+00 1.793724451237904249e+00 1.772084966618963975e+00 5.331333160400390625e+01 5.383333206176757812e+01
5.000000000000000000e+00 1.733099175922906188e+00 1.725138837986804008e+00 5.392666625976562500e+01 5.450000000000000000e+01
6.000000000000000000e+00 1.683067140167455955e+00 1.640194900492404351e+00 5.436666488647460938e+01 5.656666564941406250e+01
7.000000000000000000e+00 1.612996070878083721e+00 1.590872407593625582e+00 5.608000183105468750e+01 5.733333206176757812e+01
8.000000000000000000e+00 1.530863099769234292e+00 1.460999280848401582e+00 5.728666687011718750e+01 5.913333511352539062e+01
9.000000000000000000e+00 1.423511579982253306e+00 1.368619852243585733e+00 5.835333251953125000e+01 5.873333358764648438e+01
1.000000000000000000e+01 1.313887088156458161e+00 1.285069419348493502e+00 5.888000106811523438e+01 5.906666564941406250e+01
1.100000000000000000e+01 1.239914574094418631e+00 1.185461557926015708e+00 5.925999832153320312e+01 5.906666564941406250e+01
1.200000000000000000e+01 1.186355789968454033e+00 1.169788149443078629e+00 5.939333343505859375e+01 5.883333206176757812e+01
1.300000000000000000e+01 1.148844138264401904e+00 1.257217248069479210e+00 5.907333374023437500e+01 5.079999923706054688e+01
1.400000000000000000e+01 1.134695626016873016e+00 1.093063651881319487e+00 5.879999923706054688e+01 5.813333511352539062e+01
1.500000000000000000e+01 1.112290164173793228e+00 1.088603969584120090e+00 5.829333496093750000e+01 5.750000000000000000e+01
1.600000000000000000e+01 1.090839275673254116e+00 1.053141324444019977e+00 5.847333145141601562e+01 5.733333206176757812e+01
1.700000000000000000e+01 1.076046231204766945e+00 1.034219238986360256e+00 5.840666580200195312e+01 6.046666717529296875e+01
1.800000000000000000e+01 1.059298628428851696e+00 1.041612952947616577e+00 5.858666610717773438e+01 5.803333282470703125e+01
1.900000000000000000e+01 1.051109949408817856e+00 1.031982527768358304e+00 5.817333221435546875e+01 5.796666717529296875e+01
2.000000000000000000e+01 1.032956424425405695e+00 1.180308330566325115e+00 5.811333465576171875e+01 5.109999847412109375e+01
2.100000000000000000e+01 1.024846459121337983e+00 1.032511116976433607e+00 5.827999877929687500e+01 5.833333206176757812e+01
2.200000000000000000e+01 1.021201991450303659e+00 9.681741905973312301e-01 5.816666793823242188e+01 5.920000076293945312e+01
2.300000000000000000e+01 1.012412735521157847e+00 1.028927433998026775e+00 5.864666748046875000e+01 5.456666564941406250e+01
2.400000000000000000e+01 1.009627862779824747e+00 9.697633328589987389e-01 5.793999862670898438e+01 5.796666717529296875e+01
2.500000000000000000e+01 9.987765893753148827e-01 1.004099920709082383e+00 5.810666656494140625e+01 5.920000076293945312e+01
2.600000000000000000e+01 9.914342018841172388e-01 1.062328353207162124e+00 5.808666610717773438e+01 5.536666488647460938e+01
2.700000000000000000e+01 9.961360639600611577e-01 1.058702695876994060e+00 5.770000076293945312e+01 5.679999923706054688e+01
2.800000000000000000e+01 9.856060909818230575e-01 1.018537551164627075e+00 5.797999954223632812e+01 5.163333511352539062e+01
2.900000000000000000e+01 9.774446392110162085e-01 1.008380558896571966e+00 5.832666778564453125e+01 5.470000076293945312e+01
3.000000000000000000e+01 9.855262257142870519e-01 9.805719865129348678e-01 5.757333374023437500e+01 5.779999923706054688e+01
3.100000000000000000e+01 9.811865960611209081e-01 9.625184580366662468e-01 5.755333328247070312e+01 5.876666641235351562e+01
3.200000000000000000e+01 9.727089021251653644e-01 9.673441667506035291e-01 5.829999923706054688e+01 5.720000076293945312e+01
3.300000000000000000e+01 9.739644444827586511e-01 9.612645754154692801e-01 5.804666519165039062e+01 5.733333206176757812e+01
3.400000000000000000e+01 9.753762826736547265e-01 9.819940975371826974e-01 5.782666778564453125e+01 5.703333282470703125e+01
3.500000000000000000e+01 9.716429979816428864e-01 9.495507123622488610e-01 5.792666625976562500e+01 5.926666641235351562e+01
3.600000000000000000e+01 9.661978480658297563e-01 9.217984587588208267e-01 5.749333190917968750e+01 5.926666641235351562e+01
3.700000000000000000e+01 9.654372226454810413e-01 9.150772240567714988e-01 5.801333236694335938e+01 5.976666641235351562e+01
3.800000000000000000e+01 9.611455326649680497e-01 1.078043803889700669e+00 5.793333435058593750e+01 4.943333435058593750e+01
3.900000000000000000e+01 9.692172583486480253e-01 9.507854282855987549e-01 5.703333282470703125e+01 5.673333358764648438e+01
4.000000000000000000e+01 9.685265564206820832e-01 9.295749214101345359e-01 5.715999984741210938e+01 5.840000152587890625e+01
4.100000000000000000e+01 9.657476465585135283e-01 9.034497243292788360e-01 5.821333312988281250e+01 6.050000000000000000e+01
4.200000000000000000e+01 9.601762274435079458e-01 9.582294986603108189e-01 5.796666717529296875e+01 5.733333206176757812e+01
4.300000000000000000e+01 9.607607685426658994e-01 9.836265153073250334e-01 5.715333175659179688e+01 5.786666488647460938e+01
4.400000000000000000e+01 9.626605002356490859e-01 1.041434859341763497e+00 5.768000030517578125e+01 5.686666488647460938e+01
4.500000000000000000e+01 9.610790860678340986e-01 9.148261813407249088e-01 5.752666854858398438e+01 5.909999847412109375e+01
4.600000000000000000e+01 9.560570133520341907e-01 9.763044759314111198e-01 5.803333282470703125e+01 5.666666793823242188e+01
4.700000000000000000e+01 9.550518024959036012e-01 9.372899056749141034e-01 5.795333480834960938e+01 5.826666641235351562e+01
4.800000000000000000e+01 9.509843295571137611e-01 1.038853166585272936e+00 5.767333221435546875e+01 5.323333358764648438e+01
4.900000000000000000e+01 9.557164950665634207e-01 9.501542347542782929e-01 5.759333419799804688e+01 5.746666717529296875e+01
5.000000000000000000e+01 9.580928703615152475e-01 9.538005235347342126e-01 5.793333435058593750e+01 5.646666717529296875e+01
5.100000000000000000e+01 9.463976157753706264e-01 1.139596960646040991e+00 5.757333374023437500e+01 5.593333435058593750e+01
5.200000000000000000e+01 9.486652629207700249e-01 9.126487120668939079e-01 5.790666580200195312e+01 5.786666488647460938e+01
5.300000000000000000e+01 9.513151518571605347e-01 9.219091071727427700e-01 5.781333160400390625e+01 5.753333282470703125e+01
5.400000000000000000e+01 9.582354656414691085e-01 9.186861140930906444e-01 5.739333343505859375e+01 5.673333358764648438e+01
5.500000000000000000e+01 9.526341177507250402e-01 9.335308981702682418e-01 5.728666687011718750e+01 5.759999847412109375e+01
5.600000000000000000e+01 9.524516651371141007e-01 1.071775859974800182e+00 5.770666503906250000e+01 4.940000152587890625e+01
5.700000000000000000e+01 9.539632629484001702e-01 9.351226941068121468e-01 5.790000152587890625e+01 5.803333282470703125e+01
5.800000000000000000e+01 9.458303065188149450e-01 9.547066523673686245e-01 5.794666671752929688e+01 5.673333358764648438e+01
5.900000000000000000e+01 9.518796661769403089e-01 9.372744623650896001e-01 5.694666671752929688e+01 5.740000152587890625e+01
6.000000000000000000e+01 9.456659660918880217e-01 9.132396211015417764e-01 5.755333328247070312e+01 5.773333358764648438e+01
6.100000000000000000e+01 9.461994219436320464e-01 9.992979289369380291e-01 5.779333496093750000e+01 5.709999847412109375e+01
6.200000000000000000e+01 9.499322403468557496e-01 9.428312664336346849e-01 5.772666549682617188e+01 5.750000000000000000e+01
6.300000000000000000e+01 9.587402705953065318e-01 9.898378031050905079e-01 5.725333404541015625e+01 5.433333206176757812e+01
6.400000000000000000e+01 9.432219543309607879e-01 9.049026021297942313e-01 5.808000183105468750e+01 5.859999847412109375e+01
6.500000000000000000e+01 9.454063724861470064e-01 9.091353613011380341e-01 5.779333496093750000e+01 5.853333282470703125e+01
6.600000000000000000e+01 9.455892315297238504e-01 9.204099501701111796e-01 5.802000045776367188e+01 5.900000000000000000e+01
6.700000000000000000e+01 9.482258351118579842e-01 9.214759386600331892e-01 5.793999862670898438e+01 5.746666717529296875e+01
6.800000000000000000e+01 9.480760721509644551e-01 9.112639668140005700e-01 5.760666656494140625e+01 6.046666717529296875e+01
6.900000000000000000e+01 9.463268747207707055e-01 9.292225964525913096e-01 5.797999954223632812e+01 5.856666564941406250e+01
7.000000000000000000e+01 9.463075413378571055e-01 9.955901497222007235e-01 5.753333282470703125e+01 5.263333511352539062e+01
7.100000000000000000e+01 9.466697951115524701e-01 9.002647000424405244e-01 5.790666580200195312e+01 5.966666793823242188e+01
7.200000000000000000e+01 9.437907719408779039e-01 1.013195512776679186e+00 5.806000137329101562e+01 5.320000076293945312e+01
7.300000000000000000e+01 9.466518679661537483e-01 9.193608025287060004e-01 5.740000152587890625e+01 5.759999847412109375e+01
7.400000000000000000e+01 9.484677980703585254e-01 9.030927622571904845e-01 5.725999832153320312e+01 5.836666488647460938e+01
7.500000000000000000e+01 9.427288377971283495e-01 9.910569146592566048e-01 5.801333236694335938e+01 5.373333358764648438e+01
7.600000000000000000e+01 9.421969400540090023e-01 9.670746808356427415e-01 5.823333358764648438e+01 5.693333435058593750e+01
7.700000000000000000e+01 9.418002209429547911e-01 9.066067154103136794e-01 5.760666656494140625e+01 5.916666793823242188e+01
7.800000000000000000e+01 9.450559034022186777e-01 9.206325005977711307e-01 5.762666702270507812e+01 5.670000076293945312e+01
7.900000000000000000e+01 9.427803198157597153e-01 9.401629389600550946e-01 5.751333236694335938e+01 5.609999847412109375e+01
8.000000000000000000e+01 9.410825876284764080e-01 9.064993217904516731e-01 5.833333206176757812e+01 5.879999923706054688e+01
8.100000000000000000e+01 9.449410364826096309e-01 8.962517704101319316e-01 5.760666656494140625e+01 5.846666717529296875e+01
8.200000000000000000e+01 9.408184887885030490e-01 9.037952638686971296e-01 5.785333251953125000e+01 5.859999847412109375e+01
8.300000000000000000e+01 9.441805403115652862e-01 9.220542273622878149e-01 5.750666809082031250e+01 5.829999923706054688e+01
8.400000000000000000e+01 9.428936414627123730e-01 8.979778327840439722e-01 5.762666702270507812e+01 5.866666793823242188e+01
8.500000000000000000e+01 9.506050808343298186e-01 9.703052957007225476e-01 5.734666824340820312e+01 5.740000152587890625e+01
8.600000000000000000e+01 9.410433343478611379e-01 1.091742029215427179e+00 5.773333358764648438e+01 4.866666793823242188e+01
8.700000000000000000e+01 9.420272888405236689e-01 9.145107890697236064e-01 5.777333450317382812e+01 5.743333435058593750e+01
8.800000000000000000e+01 9.441089894471645927e-01 1.001475528199621934e+00 5.717333221435546875e+01 5.423333358764648438e+01
8.900000000000000000e+01 9.458554059203500008e-01 9.030418288200459109e-01 5.768666839599609375e+01 5.820000076293945312e+01
9.000000000000000000e+01 9.455002865303300252e-01 9.706482081971270492e-01 5.736000061035156250e+01 5.790000152587890625e+01
9.100000000000000000e+01 9.390616190713098055e-01 9.691484710003467340e-01 5.815999984741210938e+01 5.729999923706054688e+01
9.200000000000000000e+01 9.427505713790210740e-01 9.274735082971289346e-01 5.784666824340820312e+01 5.870000076293945312e+01
9.300000000000000000e+01 9.462472316044480136e-01 9.400483648827735461e-01 5.806000137329101562e+01 5.516666793823242188e+01
9.400000000000000000e+01 9.455532748053576686e-01 9.990098901251529551e-01 5.724666595458984375e+01 5.523333358764648438e+01
9.500000000000000000e+01 9.443332470302134851e-01 9.099465266187140022e-01 5.740666580200195312e+01 5.753333282470703125e+01
9.600000000000000000e+01 9.402461118027091169e-01 9.169941531850936967e-01 5.786666488647460938e+01 5.866666793823242188e+01
9.700000000000000000e+01 9.461962289647507518e-01 8.926011774134128274e-01 5.729333496093750000e+01 5.940000152587890625e+01
9.800000000000000000e+01 9.446306224825031794e-01 9.391691329631399743e-01 5.758000183105468750e+01 5.740000152587890625e+01
9.900000000000000000e+01 9.464342421305967923e-01 9.598985098777933489e-01 5.704666519165039062e+01 5.596666717529296875e+01
