0.000000000000000000e+00 1.211421374954394503e+00 8.952579231972389584e-01 4.898666763305664062e+01 5.879999923706054688e+01
1.000000000000000000e+00 8.447686893853552093e-01 8.113097954303660764e-01 6.236666488647460938e+01 6.316666793823242188e+01
2.000000000000000000e+00 7.677068494911640784e-01 7.444696597596431875e-01 6.672666931152343750e+01 6.776667022705078125e+01
3.000000000000000000e+00 7.176079045989112171e-01 7.101010445584642339e-01 6.898666381835937500e+01 6.956666564941406250e+01
4.000000000000000000e+00 6.706320802285981042e-01 6.701579423660927182e-01 7.158000183105468750e+01 7.206666564941406250e+01
5.000000000000000000e+00 6.313193720668109910e-01 6.604867162222557431e-01 7.344000244140625000e+01 7.203333282470703125e+01
6.000000000000000000e+00 5.960460034514795113e-01 6.353337748887690761e-01 7.512666320800781250e+01 7.259999847412109375e+01
7.000000000000000000e+00 5.662499677016537003e-01 6.637114568593653896e-01 7.677999877929687500e+01 7.223332977294921875e+01
8.000000000000000000e+00 5.439186541637631711e-01 6.330892538770716005e-01 7.755999755859375000e+01 7.426667022705078125e+01
9.000000000000000000e+00 5.109509617916302426e-01 6.483134313466700771e-01 7.897333526611328125e+01 7.356666564941406250e+01
1.000000000000000000e+01 4.885080972396488863e-01 6.381578667366758495e-01 7.992666625976562500e+01 7.403333282470703125e+01
1.100000000000000000e+01 4.657697611843853447e-01 6.652489783281975155e-01 8.085333251953125000e+01 7.440000152587890625e+01
1.200000000000000000e+01 4.446888980326622054e-01 6.636578171177113239e-01 8.195333099365234375e+01 7.380000305175781250e+01
1.300000000000000000e+01 4.202689655236344080e-01 6.349197261511011492e-01 8.308666992187500000e+01 7.483333587646484375e+01
1.400000000000000000e+01 3.991297840246005313e-01 6.985907618035661626e-01 8.403333282470703125e+01 7.369999694824218750e+01
1.500000000000000000e+01 3.799912041660818973e-01 6.378891395127519459e-01 8.500666809082031250e+01 7.613333129882812500e+01
1.600000000000000000e+01 3.573513862166577404e-01 6.443885273121773283e-01 8.551999664306640625e+01 7.496666717529296875e+01
1.700000000000000000e+01 3.548000483179905573e-01 7.756315656798951075e-01 8.616666412353515625e+01 7.243333435058593750e+01
1.800000000000000000e+01 3.233886013851999253e-01 7.962688657831638039e-01 8.713333129882812500e+01 7.276667022705078125e+01
1.900000000000000000e+01 3.116694844004187503e-01 7.615149484035816929e-01 8.816000366210937500e+01 7.490000152587890625e+01
2.000000000000000000e+01 2.891834653389733223e-01 7.235252559185028076e-01 8.859999847412109375e+01 7.433333587646484375e+01
2.100000000000000000e+01 2.758342315679165879e-01 7.170019102223376128e-01 8.918000030517578125e+01 7.540000152587890625e+01
2.200000000000000000e+01 2.689183436350019440e-01 7.670383965398402948e-01 8.980000305175781250e+01 7.496666717529296875e+01
2.300000000000000000e+01 2.454621522768791753e-01 8.135368855709724789e-01 9.067333221435546875e+01 7.253333282470703125e+01
2.400000000000000000e+01 2.322592713764862760e-01 8.477088174921401098e-01 9.154666900634765625e+01 7.483333587646484375e+01
2.500000000000000000e+01 2.241735547336179690e-01 8.162216766083494335e-01 9.168666839599609375e+01 7.400000000000000000e+01
2.600000000000000000e+01 2.243053696509490491e-01 8.248773940066074228e-01 9.181999969482421875e+01 7.386666870117187500e+01
2.700000000000000000e+01 2.000949981529067112e-01 8.390151303499302493e-01 9.275333404541015625e+01 7.553333282470703125e+01
2.800000000000000000e+01 1.794921741771227652e-01 8.384376152398738125e-01 9.348000335693359375e+01 7.556666564941406250e+01
2.900000000000000000e+01 1.711089638377557565e-01 8.686434529880260325e-01 9.364666748046875000e+01 7.536666870117187500e+01
3.000000000000000000e+01 1.660072604484204850e-01 9.163893296363505581e-01 9.375333404541015625e+01 7.569999694824218750e+01
3.100000000000000000e+01 1.551220358005845901e-01 1.038689732868620652e+00 9.443333435058593750e+01 7.343333435058593750e+01
3.200000000000000000e+01 1.424076702199510991e-01 1.019230556931901566e+00 9.530000305175781250e+01 7.403333282470703125e+01
3.300000000000000000e+01 1.366429094757352636e-01 9.722985771108181297e-01 9.533333587646484375e+01 7.486666870117187500e+01
3.400000000000000000e+01 1.322033127595080848e-01 9.717587907897665689e-01 9.554000091552734375e+01 7.443333435058593750e+01
3.500000000000000000e+01 1.365141261543736939e-01 9.747304323505847634e-01 9.548000335693359375e+01 7.556666564941406250e+01
3.600000000000000000e+01 1.269121503632174019e-01 1.023822854490990419e+00 9.558666992187500000e+01 7.516666412353515625e+01
3.700000000000000000e+01 1.179767571993346892e-01 1.177047841092373481e+00 9.580666351318359375e+01 7.313333129882812500e+01
3.800000000000000000e+01 1.193920093685833378e-01 1.150687398745658507e+00 9.595999908447265625e+01 7.300000000000000000e+01
3.900000000000000000e+01 8.971400831196545134e-02 1.029940676023351376e+00 9.692666625976562500e+01 7.633333587646484375e+01
4.000000000000000000e+01 9.053074586183340600e-02 1.069209795048896350e+00 9.686666870117187500e+01 7.486666870117187500e+01
4.100000000000000000e+01 8.015342296730638971e-02 1.047753417111457752e+00 9.750000000000000000e+01 7.603333282470703125e+01
4.200000000000000000e+01 1.062077261420137642e-01 1.076073571405512297e+00 9.683999633789062500e+01 7.466666412353515625e+01
4.300000000000000000e+01 7.196604395543397537e-02 1.102094287567950248e+00 9.779333496093750000e+01 7.486666870117187500e+01
4.400000000000000000e+01 5.336052144784281942e-02 1.189871313090020033e+00 9.831999969482421875e+01 7.443333435058593750e+01
4.500000000000000000e+01 6.321684944866372280e-02 1.222553060409870662e+00 9.805333709716796875e+01 7.390000152587890625e+01
4.600000000000000000e+01 8.252336132997420415e-02 1.173189142282972997e+00 9.737999725341796875e+01 7.409999847412109375e+01
4.700000000000000000e+01 1.064309939317135134e-01 1.159454273416640868e+00 9.617333221435546875e+01 7.463333129882812500e+01
4.800000000000000000e+01 6.407440509071260504e-02 1.146966332133780186e+00 9.795333099365234375e+01 7.543333435058593750e+01
4.900000000000000000e+01 5.997767100192066131e-02 1.376026356156836217e+00 9.843333435058593750e+01 7.146666717529296875e+01
5.000000000000000000e+01 3.763592898049381713e-02 1.292870245081313207e+00 9.884666442871093750e+01 7.586666870117187500e+01
5.100000000000000000e+01 6.163844513880120668e-02 1.193585509949542045e+00 9.816000366210937500e+01 7.650000000000000000e+01
5.200000000000000000e+01 3.135453396315958374e-02 1.210366977022049317e+00 9.913333129882812500e+01 7.663333129882812500e+01
5.300000000000000000e+01 1.976402326498671175e-02 1.261642522317298010e+00 9.950666809082031250e+01 7.609999847412109375e+01
5.400000000000000000e+01 1.016174125187754296e-01 1.321220531742623550e+00 9.724666595458984375e+01 7.509999847412109375e+01
5.500000000000000000e+01 5.314277000189113198e-02 1.227072710052449667e+00 9.853333282470703125e+01 7.580000305175781250e+01
5.600000000000000000e+01 2.467878730391769720e-02 1.494924735832721563e+00 9.935333251953125000e+01 7.396666717529296875e+01
5.700000000000000000e+01 5.591588104337350679e-02 1.376985009680403049e+00 9.847333526611328125e+01 7.436666870117187500e+01
5.800000000000000000e+01 5.532289107319221522e-02 2.061955568638253578e+00 9.826000213623046875e+01 7.000000000000000000e+01
5.900000000000000000e+01 7.150506559681933660e-02 1.266309639874924953e+00 9.805333709716796875e+01 7.586666870117187500e+01
6.000000000000000000e+01 1.596412922554552027e-02 1.299411827262411778e+00 9.968000030517578125e+01 7.669999694824218750e+01
6.100000000000000000e+01 1.668060356207481942e-02 1.351445142576034986e+00 9.950666809082031250e+01 7.569999694824218750e+01
6.200000000000000000e+01 1.174507560920832160e-02 1.356464033114149315e+00 9.972666931152343750e+01 7.650000000000000000e+01
6.300000000000000000e+01 1.267198788231488869e-02 1.391640109267640701e+00 9.972000122070312500e+01 7.569999694824218750e+01
6.400000000000000000e+01 1.235776461581679711e-02 1.450140509833680813e+00 9.963999938964843750e+01 7.586666870117187500e+01
6.500000000000000000e+01 1.668738738359656915e-02 1.463740926790744634e+00 9.955333709716796875e+01 7.636666870117187500e+01
6.600000000000000000e+01 7.726248679043445401e-03 1.623138605914217436e+00 9.983999633789062500e+01 7.376667022705078125e+01
6.700000000000000000e+01 6.345551002468825808e-02 1.313252605656360039e+00 9.852666473388671875e+01 7.556666564941406250e+01
6.800000000000000000e+01 2.380812656966401278e-02 1.400545169698431236e+00 9.937333679199218750e+01 7.606666564941406250e+01
6.900000000000000000e+01 7.771822895151255482e-03 1.469033382991526970e+00 9.990666961669921875e+01 7.516666412353515625e+01
7.000000000000000000e+01 4.960822462794809568e-02 1.420304775238037109e+00 9.852666473388671875e+01 7.600000000000000000e+01
7.100000000000000000e+01 8.544648991218074807e-03 1.453436475484929158e+00 9.988666534423828125e+01 7.643333435058593750e+01
7.200000000000000000e+01 4.913738097042105214e-03 1.478541782244722880e+00 9.992666625976562500e+01 7.656666564941406250e+01
7.300000000000000000e+01 5.317192966907051052e-03 1.521745689054752937e+00 9.989333343505859375e+01 7.653333282470703125e+01
7.400000000000000000e+01 1.974079506357571609e-02 1.699159463986437357e+00 9.949333190917968750e+01 7.456666564941406250e+01
7.500000000000000000e+01 1.062728583615130257e-01 1.399738872621921759e+00 9.672666931152343750e+01 7.633333587646484375e+01
7.600000000000000000e+01 2.660582607141884562e-02 1.488068203342721718e+00 9.926000213623046875e+01 7.506666564941406250e+01
7.700000000000000000e+01 1.429042763364410037e-02 1.487332587546490670e+00 9.964666748046875000e+01 7.543333435058593750e+01
7.800000000000000000e+01 1.010830393001468930e-02 1.495307278125844075e+00 9.980000305175781250e+01 7.616666412353515625e+01
7.900000000000000000e+01 5.338231892493028839e-03 1.544269314154665507e+00 9.991333007812500000e+01 7.543333435058593750e+01
8.000000000000000000e+01 3.311167327391265850e-03 1.549301632541291163e+00 9.998666381835937500e+01 7.600000000000000000e+01
8.100000000000000000e+01 5.351077392616662362e-03 1.583447206527628826e+00 9.986666870117187500e+01 7.636666870117187500e+01
8.200000000000000000e+01 3.842369675407184167e-03 1.603096872568130493e+00 9.995999908447265625e+01 7.623332977294921875e+01
8.300000000000000000e+01 2.255619318912804525e-03 1.605530575868931331e+00 9.999333190917968750e+01 7.630000305175781250e+01
8.400000000000000000e+01 1.957871642826658140e-03 1.634762601015415706e+00 9.999333190917968750e+01 7.583333587646484375e+01
8.500000000000000000e+01 2.490498718660029767e-03 1.652959173030041695e+00 9.996666717529296875e+01 7.583333587646484375e+01
8.600000000000000000e+01 1.128151842630900209e-01 1.493833948640113096e+00 9.755333709716796875e+01 7.443333435058593750e+01
8.700000000000000000e+01 3.412560379775022440e-02 1.558084787206446942e+00 9.882666778564453125e+01 7.416666412353515625e+01
8.800000000000000000e+01 1.101779299892429592e-02 1.474449593018978266e+00 9.979333496093750000e+01 7.600000000000000000e+01
8.900000000000000000e+01 3.858924649014417851e-03 1.508802821027471763e+00 9.998000335693359375e+01 7.646666717529296875e+01
9.000000000000000000e+01 2.509855721116081850e-03 1.541983903722560223e+00 9.999333190917968750e+01 7.623332977294921875e+01
9.100000000000000000e+01 2.340843852728293362e-03 1.566887927816269288e+00 9.999333190917968750e+01 7.619999694824218750e+01
9.200000000000000000e+01 1.925175672219912220e-03 1.585174630296991127e+00 1.000000000000000000e+02 7.653333282470703125e+01
9.300000000000000000e+01 1.671491613355167430e-03 1.602447827128653746e+00 9.999333190917968750e+01 7.613333129882812500e+01
9.400000000000000000e+01 1.497176065018325161e-03 1.617760728965414341e+00 1.000000000000000000e+02 7.603333282470703125e+01
9.500000000000000000e+01 1.548398636746406995e-03 1.628086700718453628e+00 9.998000335693359375e+01 7.603333282470703125e+01
9.600000000000000000e+01 2.049055498949478235e-03 1.674913028453258734e+00 9.996666717529296875e+01 7.553333282470703125e+01
9.700000000000000000e+01 2.807865401069427336e-03 1.641942523261334053e+00 9.997333526611328125e+01 7.633333587646484375e+01
9.800000000000000000e+01 1.261243314089711270e-03 1.659018823758084737e+00 9.999333190917968750e+01 7.633333587646484375e+01
9.900000000000000000e+01 1.090608554975892137e-03 1.672113994017560445e+00 1.000000000000000000e+02 7.640000152587890625e+01
