0.000000000000000000e+00 7.572693532084424917e-02 4.959411231157857813e-02 9.685832977294921875e+01 9.815000152587890625e+01
1.000000000000000000e+00 4.132505760962764535e-02 4.347940025729171709e-02 9.865000152587890625e+01 9.859999847412109375e+01
2.000000000000000000e+00 3.798871352073426161e-02 3.894010072644238374e-02 9.875833129882812500e+01 9.859999847412109375e+01
3.000000000000000000e+00 3.524359931796788858e-02 4.195396108866950025e-02 9.880833435058593750e+01 9.850000000000000000e+01
4.000000000000000000e+00 3.362575449817813839e-02 3.853162521051080314e-02 9.883333587646484375e+01 9.850000000000000000e+01
5.000000000000000000e+00 3.174419746268540565e-02 3.592718555915376533e-02 9.894166564941406250e+01 9.865000152587890625e+01
6.000000000000000000e+00 3.020889898599125531e-02 4.182524798393603971e-02 9.897499847412109375e+01 9.844999694824218750e+01
7.000000000000000000e+00 2.880073670356068927e-02 3.874786530200037549e-02 9.902500152587890625e+01 9.855000305175781250e+01
8.000000000000000000e+00 2.848677504155784981e-02 4.243831004345020863e-02 9.905000305175781250e+01 9.844999694824218750e+01
9.000000000000000000e+00 2.790035532414913283e-02 3.724673784953275862e-02 9.900000000000000000e+01 9.865000152587890625e+01
1.000000000000000000e+01 2.688563591754063870e-02 3.259363385552119241e-02 9.909999847412109375e+01 9.869999694824218750e+01
1.100000000000000000e+01 2.576731012699504803e-02 3.544586594817080577e-02 9.915000152587890625e+01 9.880000305175781250e+01
1.200000000000000000e+01 2.544566579989623184e-02 4.204212437016106169e-02 9.908333587646484375e+01 9.834999847412109375e+01
1.300000000000000000e+01 2.462116596071670452e-02 3.473185458163257494e-02 9.918333435058593750e+01 9.855000305175781250e+01
1.400000000000000000e+01 2.539224937818168257e-02 3.337777977243864408e-02 9.919999694824218750e+01 9.890000152587890625e+01
1.500000000000000000e+01 2.363001119686911414e-02 3.850420510455492690e-02 9.922499847412109375e+01 9.859999847412109375e+01
1.600000000000000000e+01 2.394832746399333870e-02 3.345604673340280694e-02 9.918333435058593750e+01 9.869999694824218750e+01
1.700000000000000000e+01 2.295744500344153519e-02 3.238959476330487836e-02 9.919166564941406250e+01 9.869999694824218750e+01
1.800000000000000000e+01 2.260440319202219536e-02 3.756484289104784074e-02 9.926667022705078125e+01 9.855000305175781250e+01
1.900000000000000000e+01 2.201600468802886873e-02 3.364404212010817241e-02 9.920833587646484375e+01 9.880000305175781250e+01
2.000000000000000000e+01 2.170510630499726881e-02 3.481594833549082196e-02 9.922499847412109375e+01 9.865000152587890625e+01
2.100000000000000000e+01 2.159621547472973663e-02 3.675207717132584345e-02 9.930833435058593750e+01 9.865000152587890625e+01
2.200000000000000000e+01 2.091559303090131591e-02 3.343107811215016018e-02 9.932499694824218750e+01 9.884999847412109375e+01
2.300000000000000000e+01 2.110057271256422090e-02 3.448718779310140647e-02 9.932499694824218750e+01 9.869999694824218750e+01
2.400000000000000000e+01 2.064545498225682854e-02 3.765569681173286387e-02 9.932499694824218750e+01 9.855000305175781250e+01
2.500000000000000000e+01 2.058566080185119176e-02 3.661501537135336548e-02 9.931666564941406250e+01 9.859999847412109375e+01
2.600000000000000000e+01 1.981298412925874136e-02 4.342007298865133841e-02 9.941666412353515625e+01 9.819999694824218750e+01
2.700000000000000000e+01 1.996510158684880812e-02 3.549220710152035940e-02 9.934999847412109375e+01 9.850000000000000000e+01
2.800000000000000000e+01 1.974437501714176868e-02 3.457074952801496986e-02 9.934166717529296875e+01 9.865000152587890625e+01
2.900000000000000000e+01 1.936567629819425582e-02 3.720035112489732121e-02 9.937500000000000000e+01 9.859999847412109375e+01
3.000000000000000000e+01 1.884602662441708931e-02 3.578262703492313818e-02 9.940000152587890625e+01 9.865000152587890625e+01
3.100000000000000000e+01 1.876179257574646375e-02 3.641726744605139343e-02 9.938333129882812500e+01 9.855000305175781250e+01
3.200000000000000000e+01 1.844533656576338027e-02 3.549119008895349620e-02 9.941666412353515625e+01 9.850000000000000000e+01
3.300000000000000000e+01 1.829533004807308225e-02 3.934066180562016679e-02 9.939167022705078125e+01 9.844999694824218750e+01
3.400000000000000000e+01 1.869811654579825802e-02 4.067084949975463548e-02 9.937500000000000000e+01 9.855000305175781250e+01
3.500000000000000000e+01 1.820258969027781920e-02 3.418727198755183716e-02 9.938333129882812500e+01 9.859999847412109375e+01
3.600000000000000000e+01 1.818003132023538262e-02 3.524867064490016383e-02 9.935832977294921875e+01 9.875000000000000000e+01
3.700000000000000000e+01 1.802678731386549854e-02 3.761359734302719554e-02 9.932499694824218750e+01 9.869999694824218750e+01
3.800000000000000000e+01 1.750914957310305969e-02 3.714455035676817590e-02 9.940000152587890625e+01 9.844999694824218750e+01
3.900000000000000000e+01 1.737576188022891752e-02 3.384425106970223585e-02 9.944166564941406250e+01 9.855000305175781250e+01
4.000000000000000000e+01 1.769736269147445876e-02 3.497084390890824873e-02 9.940000152587890625e+01 9.865000152587890625e+01
4.100000000000000000e+01 1.653796930960379705e-02 3.477635443437426810e-02 9.943333435058593750e+01 9.850000000000000000e+01
4.200000000000000000e+01 1.770601382380118660e-02 3.641902592154645096e-02 9.937500000000000000e+01 9.865000152587890625e+01
4.300000000000000000e+01 1.695817929020267817e-02 3.569822559675519397e-02 9.943333435058593750e+01 9.855000305175781250e+01
4.400000000000000000e+01 1.688134946560603672e-02 3.489094076720657828e-02 9.945833587646484375e+01 9.865000152587890625e+01
4.500000000000000000e+01 1.608970824014977624e-02 3.515599166031091460e-02 9.943333435058593750e+01 9.865000152587890625e+01
4.600000000000000000e+01 1.593554631616764944e-02 3.754796313897092869e-02 9.942500305175781250e+01 9.844999694824218750e+01
4.700000000000000000e+01 1.602023191208718292e-02 3.555321021168122986e-02 9.951667022705078125e+01 9.869999694824218750e+01
4.800000000000000000e+01 1.608154779677473459e-02 3.615165839795418667e-02 9.950833129882812500e+01 9.865000152587890625e+01
4.900000000000000000e+01 1.595715729380996553e-02 4.295873207985774489e-02 9.947499847412109375e+01 9.844999694824218750e+01
