0.000000000000000000e+00 2.316788084979758633e+00 2.068012101853147655e+00 4.937333297729492188e+01 5.059999847412109375e+01
1.000000000000000000e+00 1.990802534353504294e+00 1.971623305310594265e+00 5.156000137329101562e+01 5.083333206176757812e+01
2.000000000000000000e+00 1.884332464956271380e+00 1.882537003527296360e+00 5.243999862670898438e+01 5.176666641235351562e+01
3.000000000000000000e+00 1.803868542983333656e+00 1.864506368941449166e+00 5.316666793823242188e+01 5.073333358764648438e+01
4.000000000000000000e+00 1.740984381261919012e+00 1.759358825835775741e+00 5.425333404541015625e+01 5.440000152587890625e+01
5.000000000000000000e+00 1.679835795720757252e+00 1.716405209074629123e+00 5.569333267211914062e+01 5.450000000000000000e+01
6.000000000000000000e+00 1.615067109624459984e+00 1.656584934985384061e+00 5.614666748046875000e+01 5.616666793823242188e+01
7.000000000000000000e+00 1.550300043656119398e+00 1.572217541806241403e+00 5.734000015258789062e+01 5.736666488647460938e+01
8.000000000000000000e+00 1.456139212859464793e+00 1.454871854249467189e+00 5.947333145141601562e+01 5.863333511352539062e+01
9.000000000000000000e+00 1.336206318600091425e+00 1.359083589721233221e+00 6.089333343505859375e+01 5.863333511352539062e+01
1.000000000000000000e+01 1.229709483031779182e+00 1.247616074186690405e+00 6.095999908447265625e+01 5.846666717529296875e+01
1.100000000000000000e+01 1.160854777420507578e+00 1.203552256873313464e+00 6.133333206176757812e+01 5.903333282470703125e+01
1.200000000000000000e+01 1.115936900888170547e+00 1.214843863502461874e+00 6.125333404541015625e+01 5.436666488647460938e+01
1.300000000000000000e+01 1.083641739415207361e+00 1.138233568440092380e+00 6.123333358764648438e+01 5.836666488647460938e+01
1.400000000000000000e+01 1.059294058697055840e+00 1.193300614331630927e+00 6.088000106811523438e+01 5.290000152587890625e+01
1.500000000000000000e+01 1.034851793541328835e+00 1.090419388197837902e+00 6.133333206176757812e+01 5.853333282470703125e+01
1.600000000000000000e+01 1.024838703527633621e+00 1.066629264582978909e+00 6.057333374023437500e+01 5.820000076293945312e+01
1.700000000000000000e+01 1.010349641730790449e+00 1.132951654652331719e+00 6.093999862670898438e+01 5.759999847412109375e+01
1.800000000000000000e+01 9.932803958972126201e-01 1.060909250315199559e+00 6.072666549682617188e+01 5.833333206176757812e+01
1.900000000000000000e+01 9.781303539204952990e-01 1.091552896702543185e+00 6.111333465576171875e+01 5.703333282470703125e+01
2.000000000000000000e+01 9.626730172110519179e-01 1.142555644537540216e+00 6.147999954223632812e+01 5.226666641235351562e+01
2.100000000000000000e+01 9.580210928977933582e-01 1.000210599696382596e+00 6.147333145141601562e+01 5.876666641235351562e+01
2.200000000000000000e+01 9.535233623691713456e-01 9.938044763625936140e-01 6.134000015258789062e+01 5.779999923706054688e+01
2.300000000000000000e+01 9.467473247412171444e-01 9.987458111123835858e-01 6.075333404541015625e+01 5.786666488647460938e+01
2.400000000000000000e+01 9.365396098033197392e-01 1.028620465004697726e+00 6.147999954223632812e+01 5.513333511352539062e+01
2.500000000000000000e+01 9.316542762428966507e-01 1.010114140967105278e+00 6.118000030517578125e+01 5.770000076293945312e+01
2.600000000000000000e+01 9.277863722366056498e-01 9.908641874790191650e-01 6.144666671752929688e+01 5.776666641235351562e+01
2.700000000000000000e+01 9.256882011763322149e-01 9.753256592344730080e-01 6.090000152587890625e+01 5.733333206176757812e+01
2.800000000000000000e+01 9.196695746389279558e-01 1.051592267574148032e+00 6.127999877929687500e+01 5.736666488647460938e+01
2.900000000000000000e+01 9.173281038366655205e-01 9.896280144123320577e-01 6.075999832153320312e+01 5.740000152587890625e+01
3.000000000000000000e+01 9.123682119190565931e-01 1.065079662394016413e+00 6.128666687011718750e+01 5.359999847412109375e+01
3.100000000000000000e+01 9.119717476210360552e-01 9.763421917215306944e-01 6.108666610717773438e+01 5.679999923706054688e+01
3.200000000000000000e+01 9.053148359123831534e-01 9.641259984767183155e-01 6.112666702270507812e+01 5.746666717529296875e+01
3.300000000000000000e+01 9.011332163932734840e-01 9.689955628932790388e-01 6.103333282470703125e+01 5.793333435058593750e+01
3.400000000000000000e+01 8.987284927988357097e-01 1.039174041849501684e+00 6.146666717529296875e+01 5.306666564941406250e+01
3.500000000000000000e+01 9.044372307212114048e-01 1.027800487711074462e+00 6.089333343505859375e+01 5.350000000000000000e+01
3.600000000000000000e+01 8.986420032820467974e-01 9.707494764886004379e-01 6.144666671752929688e+01 5.766666793823242188e+01
3.700000000000000000e+01 8.944490100783325515e-01 9.827122428315751002e-01 6.112666702270507812e+01 5.576666641235351562e+01
3.800000000000000000e+01 8.990992779162392257e-01 9.548305919829834787e-01 6.095999908447265625e+01 5.816666793823242188e+01
3.900000000000000000e+01 8.969267939707872284e-01 9.618246663124003781e-01 6.127333450317382812e+01 5.693333435058593750e+01
4.000000000000000000e+01 8.935598887995616080e-01 9.968395176086020104e-01 6.110666656494140625e+01 5.863333511352539062e+01
4.100000000000000000e+01 8.900466900644525836e-01 9.720830422766665313e-01 6.153333282470703125e+01 5.590000152587890625e+01
4.200000000000000000e+01 8.928174507389190495e-01 9.819542765617370605e-01 6.100666809082031250e+01 5.813333511352539062e+01
4.300000000000000000e+01 8.888085973796560069e-01 1.083816168790167955e+00 6.104666519165039062e+01 5.123333358764648438e+01
4.400000000000000000e+01 8.846201282828601853e-01 9.411580112386257468e-01 6.192666625976562500e+01 5.896666717529296875e+01
4.500000000000000000e+01 8.933684273060958914e-01 9.906728908102563347e-01 6.064666748046875000e+01 5.659999847412109375e+01
4.600000000000000000e+01 8.846182548033911797e-01 9.688988873299132498e-01 6.152000045776367188e+01 5.633333206176757812e+01
4.700000000000000000e+01 8.827481841736002366e-01 1.226741193456852619e+00 6.104666519165039062e+01 4.636666488647460938e+01
4.800000000000000000e+01 8.885658651526803231e-01 9.667007663148514673e-01 6.143999862670898438e+01 5.750000000000000000e+01
4.900000000000000000e+01 8.820557828142698842e-01 9.728779355262188178e-01 6.168666839599609375e+01 5.523333358764648438e+01
5.000000000000000000e+01 8.829448559899319982e-01 1.099808274431431476e+00 6.135333251953125000e+01 4.866666793823242188e+01
5.100000000000000000e+01 8.849196271347338216e-01 9.761618762574297836e-01 6.140666580200195312e+01 5.600000000000000000e+01
5.200000000000000000e+01 8.845059611141554701e-01 9.426223743469157590e-01 6.109999847412109375e+01 5.783333206176757812e+01
5.300000000000000000e+01 8.822490275541602367e-01 1.062745349838378539e+00 6.095333480834960938e+01 5.183333206176757812e+01
5.400000000000000000e+01 8.759520322020882821e-01 1.009406323128558158e+00 6.154000091552734375e+01 5.709999847412109375e+01
5.500000000000000000e+01 8.787363748560582666e-01 9.590877047244538156e-01 6.150666809082031250e+01 5.723333358764648438e+01
5.600000000000000000e+01 8.766150747789248632e-01 9.600495030271246621e-01 6.159999847412109375e+01 5.826666641235351562e+01
5.700000000000000000e+01 8.817370028765216805e-01 9.968976765236956528e-01 6.100000000000000000e+01 5.683333206176757812e+01
5.800000000000000000e+01 8.747377168776383494e-01 1.041191133412908920e+00 6.162666702270507812e+01 5.733333206176757812e+01
5.900000000000000000e+01 8.749629351884317119e-01 9.519809300595141188e-01 6.168666839599609375e+01 5.773333358764648438e+01
6.000000000000000000e+01 8.808671396805533016e-01 9.446980655193328857e-01 6.127999877929687500e+01 5.793333435058593750e+01
6.100000000000000000e+01 8.735149553589729443e-01 1.032070788297247299e+00 6.186666488647460938e+01 5.670000076293945312e+01
6.200000000000000000e+01 8.690579495450326819e-01 9.444946779849681118e-01 6.177999877929687500e+01 5.750000000000000000e+01
6.300000000000000000e+01 8.743610145694920011e-01 9.631944469949031973e-01 6.150666809082031250e+01 5.656666564941406250e+01
6.400000000000000000e+01 8.749860216940897883e-01 9.741707184213272974e-01 6.137333297729492188e+01 5.606666564941406250e+01
6.500000000000000000e+01 8.769448578103519187e-01 9.511175390253675532e-01 6.141999816894531250e+01 5.603333282470703125e+01
6.600000000000000000e+01 8.741714354517109431e-01 1.126926697949145684e+00 6.159333419799804688e+01 4.953333282470703125e+01
6.700000000000000000e+01 8.764491525413130590e-01 1.009376268437568225e+00 6.136666488647460938e+01 5.556666564941406250e+01
6.800000000000000000e+01 8.716470910542046813e-01 9.345098340764959044e-01 6.145333480834960938e+01 5.829999923706054688e+01
6.900000000000000000e+01 8.753224983652517777e-01 1.062629097319663929e+00 6.154000091552734375e+01 5.096666717529296875e+01
7.000000000000000000e+01 8.668454506758179745e-01 9.959403136943248969e-01 6.147999954223632812e+01 5.646666717529296875e+01
7.100000000000000000e+01 8.754732155088168488e-01 9.817826862030840651e-01 6.171333312988281250e+01 5.683333206176757812e+01
7.200000000000000000e+01 8.703450967253906212e-01 9.724779598256374502e-01 6.158000183105468750e+01 5.646666717529296875e+01
7.300000000000000000e+01 8.656011217438590588e-01 9.792262639137024882e-01 6.200000000000000000e+01 5.456666564941406250e+01
7.400000000000000000e+01 8.680314482020925482e-01 9.555566532814756542e-01 6.168000030517578125e+01 5.709999847412109375e+01
7.500000000000000000e+01 8.697927242148913995e-01 9.657855262147619912e-01 6.178666687011718750e+01 5.683333206176757812e+01
7.600000000000000000e+01 8.735902048885695326e-01 9.683539372809389922e-01 6.131333160400390625e+01 5.806666564941406250e+01
7.700000000000000000e+01 8.658248349420551992e-01 9.578428420614688577e-01 6.197333145141601562e+01 5.696666717529296875e+01
7.800000000000000000e+01 8.654912062036965725e-01 9.466920418942228466e-01 6.177999877929687500e+01 5.623333358764648438e+01
7.900000000000000000e+01 8.707297090401273643e-01 9.653513995890922184e-01 6.142666625976562500e+01 5.629999923706054688e+01
8.000000000000000000e+01 8.700726424961455763e-01 9.800048337337818882e-01 6.177999877929687500e+01 5.590000152587890625e+01
8.100000000000000000e+01 8.706602463081701826e-01 1.038417540966196206e+00 6.168666839599609375e+01 5.340000152587890625e+01
8.200000000000000000e+01 8.690069172936462083e-01 9.672200692460891647e-01 6.198666763305664062e+01 5.563333511352539062e+01
8.300000000000000000e+01 8.697929759142495332e-01 1.026958071170969156e+00 6.131333160400390625e+01 5.150000000000000000e+01
8.400000000000000000e+01 8.638869597078132623e-01 9.658986989487993169e-01 6.171333312988281250e+01 5.716666793823242188e+01
8.500000000000000000e+01 8.675689227672528370e-01 9.401710489962963324e-01 6.164666748046875000e+01 5.840000152587890625e+01
8.600000000000000000e+01 8.667052444110292519e-01 1.005798145811608535e+00 6.163333511352539062e+01 5.376666641235351562e+01
8.700000000000000000e+01 8.660171841507526835e-01 1.055760968872841321e+00 6.165999984741210938e+01 4.936666488647460938e+01
8.800000000000000000e+01 8.668973233654047039e-01 9.761916107319771330e-01 6.163333511352539062e+01 5.776666641235351562e+01
8.900000000000000000e+01 8.662248466060613605e-01 9.911057536906384691e-01 6.179333496093750000e+01 5.546666717529296875e+01
9.000000000000000000e+01 8.630991175230632306e-01 9.825418458340016148e-01 6.138000106811523438e+01 5.466666793823242188e+01
9.100000000000000000e+01 8.629564224148610352e-01 9.735155295818409549e-01 6.177333450317382812e+01 5.626666641235351562e+01
9.200000000000000000e+01 8.623606040914938431e-01 9.626085295322093227e-01 6.174000167846679688e+01 5.700000000000000000e+01
9.300000000000000000e+01 8.607567236113395914e-01 9.592690816585053293e-01 6.220666503906250000e+01 5.750000000000000000e+01
9.400000000000000000e+01 8.659755850651624787e-01 9.734409166143295211e-01 6.184000015258789062e+01 5.783333206176757812e+01
9.500000000000000000e+01 8.689904444253266913e-01 9.598704151650692129e-01 6.161999893188476562e+01 5.576666641235351562e+01
9.600000000000000000e+01 8.652853534292819226e-01 9.722101935680876883e-01 6.224666595458984375e+01 5.556666564941406250e+01
9.700000000000000000e+01 8.617622716340429534e-01 9.880594192667210285e-01 6.159999847412109375e+01 5.720000076293945312e+01
9.800000000000000000e+01 8.657620419571394610e-01 9.562667519488232681e-01 6.184000015258789062e+01 5.616666793823242188e+01
9.900000000000000000e+01 8.631991111139244444e-01 9.892693758010864258e-01 6.185333251953125000e+01 5.836666488647460938e+01
