0.000000000000000000e+00 2.230638888614873139e-01 5.493611792132022109e-02 9.357499694824218750e+01 9.790000152587890625e+01
1.000000000000000000e+00 5.351636088763674082e-02 5.549895521050082769e-02 9.825000000000000000e+01 9.825000000000000000e+01
2.000000000000000000e+00 4.602563210421552198e-02 4.243903076424011822e-02 9.846666717529296875e+01 9.865000152587890625e+01
3.000000000000000000e+00 4.191480444883927819e-02 4.301733674854778949e-02 9.854166412353515625e+01 9.844999694824218750e+01
4.000000000000000000e+00 3.981280080430830287e-02 4.315259773561376522e-02 9.874166870117187500e+01 9.834999847412109375e+01
5.000000000000000000e+00 3.692743977733577154e-02 3.703662065700406153e-02 9.880833435058593750e+01 9.855000305175781250e+01
6.000000000000000000e+00 3.650628914777189621e-02 3.522036178314703891e-02 9.881666564941406250e+01 9.880000305175781250e+01
7.000000000000000000e+00 3.639440692208396888e-02 4.296172620259255254e-02 9.875833129882812500e+01 9.844999694824218750e+01
8.000000000000000000e+00 3.334418461425230074e-02 3.271174858072920660e-02 9.889167022705078125e+01 9.880000305175781250e+01
9.000000000000000000e+00 3.190436847872721998e-02 3.264422822255818452e-02 9.886666870117187500e+01 9.884999847412109375e+01
1.000000000000000000e+01 3.101806852772521356e-02 3.206882628220473347e-02 9.897499847412109375e+01 9.884999847412109375e+01
1.100000000000000000e+01 3.070631063217297077e-02 3.229721873492327755e-02 9.896666717529296875e+01 9.875000000000000000e+01
1.200000000000000000e+01 2.876288748777005785e-02 3.141894329631227806e-02 9.904166412353515625e+01 9.894999694824218750e+01
1.300000000000000000e+01 2.664689389523118568e-02 3.023827612485056535e-02 9.922499847412109375e+01 9.900000000000000000e+01
1.400000000000000000e+01 2.838525992639673312e-02 3.095265257861539235e-02 9.900833129882812500e+01 9.884999847412109375e+01
1.500000000000000000e+01 2.648865034858075354e-02 3.011332522423583111e-02 9.915000152587890625e+01 9.890000152587890625e+01
1.600000000000000000e+01 2.739418623068680392e-02 3.281848784397533442e-02 9.899166870117187500e+01 9.880000305175781250e+01
1.700000000000000000e+01 2.596970304225881820e-02 2.824099671829211067e-02 9.916666412353515625e+01 9.880000305175781250e+01
1.800000000000000000e+01 2.473435088631231391e-02 2.680912334841513422e-02 9.922499847412109375e+01 9.884999847412109375e+01
1.900000000000000000e+01 2.667145066688923760e-02 2.789763317421255912e-02 9.900000000000000000e+01 9.900000000000000000e+01
2.000000000000000000e+01 2.212641234672628465e-02 2.769262925721704960e-02 9.924166870117187500e+01 9.890000152587890625e+01
2.100000000000000000e+01 2.448464050400070771e-02 2.701492667464273217e-02 9.917500305175781250e+01 9.884999847412109375e+01
2.200000000000000000e+01 2.263331678591203044e-02 2.711191980467577214e-02 9.910832977294921875e+01 9.894999694824218750e+01
2.300000000000000000e+01 2.005973070316637713e-02 2.544721854561459232e-02 9.932499694824218750e+01 9.915000152587890625e+01
2.400000000000000000e+01 2.092191291212414789e-02 2.508121501656234223e-02 9.930000305175781250e+01 9.905000305175781250e+01
2.500000000000000000e+01 1.979004900273867093e-02 2.696184927273342219e-02 9.931666564941406250e+01 9.894999694824218750e+01
2.600000000000000000e+01 1.880252248646380880e-02 2.725051001979163917e-02 9.934999847412109375e+01 9.894999694824218750e+01
2.700000000000000000e+01 1.766693316949143402e-02 2.500114884894592479e-02 9.934999847412109375e+01 9.909999847412109375e+01
2.800000000000000000e+01 1.926594512651596744e-02 2.424751547080213412e-02 9.933333587646484375e+01 9.909999847412109375e+01
2.900000000000000000e+01 1.875018495395003662e-02 3.180886768816327398e-02 9.925833129882812500e+01 9.869999694824218750e+01
3.000000000000000000e+01 1.784218203421914992e-02 2.607037748084477594e-02 9.939167022705078125e+01 9.934999847412109375e+01
3.100000000000000000e+01 1.732985388650559039e-02 2.351314700896933035e-02 9.942500305175781250e+01 9.934999847412109375e+01
3.200000000000000000e+01 1.588994684904658505e-02 3.185711327837668916e-02 9.947499847412109375e+01 9.869999694824218750e+01
3.300000000000000000e+01 1.649038216417345049e-02 2.316122788876768049e-02 9.943333435058593750e+01 9.940000152587890625e+01
3.400000000000000000e+01 1.512056295904525005e-02 3.297490037290290443e-02 9.945833587646484375e+01 9.875000000000000000e+01
3.500000000000000000e+01 1.454915445827646182e-02 2.655902418706636292e-02 9.950000000000000000e+01 9.890000152587890625e+01
3.600000000000000000e+01 1.222129106976596255e-02 2.346822096377662939e-02 9.959166717529296875e+01 9.925000000000000000e+01
3.700000000000000000e+01 1.352087761809040410e-02 2.204103773686848233e-02 9.951667022705078125e+01 9.919999694824218750e+01
3.800000000000000000e+01 1.412580762067227637e-02 2.233257308063681112e-02 9.950833129882812500e+01 9.919999694824218750e+01
3.900000000000000000e+01 1.443130837508942860e-02 2.509224892168680776e-02 9.944166564941406250e+01 9.894999694824218750e+01
4.000000000000000000e+01 1.416290297507657656e-02 2.471231264505712594e-02 9.944166564941406250e+01 9.900000000000000000e+01
4.100000000000000000e+01 1.117317521796212451e-02 3.281990395000667499e-02 9.954166412353515625e+01 9.894999694824218750e+01
4.200000000000000000e+01 1.324029737438346850e-02 2.157249313798577720e-02 9.947499847412109375e+01 9.919999694824218750e+01
4.300000000000000000e+01 1.229766525344651480e-02 2.144592363361476350e-02 9.954166412353515625e+01 9.915000152587890625e+01
4.400000000000000000e+01 1.122563801052698859e-02 2.105884768931742118e-02 9.956666564941406250e+01 9.915000152587890625e+01
4.500000000000000000e+01 1.108985955685299479e-02 2.190613844960887305e-02 9.957499694824218750e+01 9.915000152587890625e+01
4.600000000000000000e+01 9.915644114405344073e-03 2.120061548273028187e-02 9.962500000000000000e+01 9.940000152587890625e+01
4.700000000000000000e+01 1.110891046424512807e-02 2.162532755213009833e-02 9.960832977294921875e+01 9.934999847412109375e+01
4.800000000000000000e+01 1.026703419926343515e-02 2.074743032741054385e-02 9.965000152587890625e+01 9.930000305175781250e+01
4.900000000000000000e+01 1.120877848173161898e-02 2.030227690484602901e-02 9.953333282470703125e+01 9.925000000000000000e+01
5.000000000000000000e+01 1.038338908676814804e-02 2.757846513847494324e-02 9.955833435058593750e+01 9.890000152587890625e+01
5.100000000000000000e+01 1.011789751191584721e-02 3.143549331246374423e-02 9.965000152587890625e+01 9.884999847412109375e+01
5.200000000000000000e+01 9.253355380598805510e-03 1.839562248119724908e-02 9.965833282470703125e+01 9.944999694824218750e+01
5.300000000000000000e+01 9.618627946680741864e-03 2.020924201352745225e-02 9.967500305175781250e+01 9.934999847412109375e+01
5.400000000000000000e+01 8.277656536001208251e-03 1.993721865576281865e-02 9.965000152587890625e+01 9.925000000000000000e+01
5.500000000000000000e+01 9.520428616425002238e-03 2.158761694369916787e-02 9.968333435058593750e+01 9.925000000000000000e+01
5.600000000000000000e+01 7.985169156275029670e-03 1.993424881476087152e-02 9.965833282470703125e+01 9.940000152587890625e+01
5.700000000000000000e+01 7.483460557268699874e-03 2.114041216256939276e-02 9.970833587646484375e+01 9.925000000000000000e+01
5.800000000000000000e+01 7.904783593565905056e-03 1.919769733702860609e-02 9.973332977294921875e+01 9.950000000000000000e+01
5.900000000000000000e+01 6.171077409084925296e-03 2.178694878660728321e-02 9.979166412353515625e+01 9.930000305175781250e+01
6.000000000000000000e+01 8.253620879707644978e-03 2.127112166418656733e-02 9.974166870117187500e+01 9.930000305175781250e+01
6.100000000000000000e+01 7.811279795884426037e-03 2.325565155129042522e-02 9.970833587646484375e+01 9.915000152587890625e+01
6.200000000000000000e+01 8.750774422531928942e-03 2.704160238468714811e-02 9.963333129882812500e+01 9.890000152587890625e+01
6.300000000000000000e+01 7.339171186686144210e-03 1.962574956075788246e-02 9.975833129882812500e+01 9.930000305175781250e+01
6.400000000000000000e+01 5.803890113791567232e-03 1.785883835248294749e-02 9.975833129882812500e+01 9.940000152587890625e+01
6.500000000000000000e+01 7.341762359540249944e-03 2.581450699583745165e-02 9.970833587646484375e+01 9.900000000000000000e+01
6.600000000000000000e+01 6.394977447781760062e-03 1.890171167934524832e-02 9.978333282470703125e+01 9.944999694824218750e+01
6.700000000000000000e+01 7.717110991249683145e-03 1.879927252770040302e-02 9.972499847412109375e+01 9.940000152587890625e+01
6.800000000000000000e+01 3.519238030406995552e-03 1.841082004989763599e-02 9.992500305175781250e+01 9.955000305175781250e+01
6.900000000000000000e+01 4.741289874363246830e-03 2.038547775743378143e-02 9.983333587646484375e+01 9.934999847412109375e+01
7.000000000000000000e+01 6.448057130962600234e-03 2.026165206347474088e-02 9.977500152587890625e+01 9.930000305175781250e+01
7.100000000000000000e+01 6.044510041401129387e-03 2.224928586873006764e-02 9.981666564941406250e+01 9.925000000000000000e+01
7.200000000000000000e+01 6.163917449350871276e-03 1.933788631773163472e-02 9.978333282470703125e+01 9.934999847412109375e+01
7.300000000000000000e+01 6.074698962156313727e-03 2.268090476435003291e-02 9.980000305175781250e+01 9.934999847412109375e+01
7.400000000000000000e+01 5.229910742723101712e-03 1.883786961248403238e-02 9.978333282470703125e+01 9.934999847412109375e+01
7.500000000000000000e+01 6.644251306339962401e-03 1.855004005904173359e-02 9.978333282470703125e+01 9.950000000000000000e+01
7.600000000000000000e+01 4.751320870668374920e-03 2.072637415242045006e-02 9.982499694824218750e+01 9.934999847412109375e+01
7.700000000000000000e+01 4.374125302969938608e-03 1.874569058649256867e-02 9.986666870117187500e+01 9.944999694824218750e+01
7.800000000000000000e+01 4.654178708065955829e-03 2.568535786396556123e-02 9.984999847412109375e+01 9.925000000000000000e+01
7.900000000000000000e+01 5.286117349069475481e-03 1.947645827658561757e-02 9.976667022705078125e+01 9.955000305175781250e+01
8.000000000000000000e+01 3.937437717580299229e-03 1.905637490579606408e-02 9.987500000000000000e+01 9.940000152587890625e+01
8.100000000000000000e+01 4.533331111155954919e-03 1.984871165148664740e-02 9.986666870117187500e+01 9.944999694824218750e+01
8.200000000000000000e+01 5.300783804784259950e-03 1.764181400899757571e-02 9.983333587646484375e+01 9.950000000000000000e+01
8.300000000000000000e+01 5.413611322066875370e-03 2.003771040043259705e-02 9.979166412353515625e+01 9.940000152587890625e+01
8.400000000000000000e+01 4.784832543343024366e-03 3.165836391405452144e-02 9.981666564941406250e+01 9.905000305175781250e+01
8.500000000000000000e+01 4.092684873557118214e-03 1.994712931020280189e-02 9.982499694824218750e+01 9.944999694824218750e+01
8.600000000000000000e+01 5.080024549951910225e-03 2.329807919955054207e-02 9.984999847412109375e+01 9.944999694824218750e+01
8.700000000000000000e+01 4.341921587628651789e-03 1.995354266764371581e-02 9.988333129882812500e+01 9.934999847412109375e+01
8.800000000000000000e+01 4.025338291973033257e-03 2.010363797840289055e-02 9.984166717529296875e+01 9.934999847412109375e+01
8.900000000000000000e+01 4.277081071396423781e-03 1.826624178686559949e-02 9.983333587646484375e+01 9.950000000000000000e+01
9.000000000000000000e+01 4.069430246986863869e-03 1.959818330619277071e-02 9.984999847412109375e+01 9.944999694824218750e+01
9.100000000000000000e+01 5.559389368388110465e-03 2.057355940940122641e-02 9.980833435058593750e+01 9.950000000000000000e+01
9.200000000000000000e+01 5.332177992710664116e-03 2.234557461409687057e-02 9.981666564941406250e+01 9.930000305175781250e+01
9.300000000000000000e+01 4.470954299707045713e-03 2.178118471816841914e-02 9.984999847412109375e+01 9.950000000000000000e+01
9.400000000000000000e+01 4.185552637307106763e-03 1.839500357087737320e-02 9.984999847412109375e+01 9.955000305175781250e+01
9.500000000000000000e+01 5.060209485074362162e-03 1.879150857622418139e-02 9.985832977294921875e+01 9.950000000000000000e+01
9.600000000000000000e+01 4.985696002153721176e-03 1.973708912765102449e-02 9.983333587646484375e+01 9.950000000000000000e+01
9.700000000000000000e+01 2.233432818817921925e-03 1.788449685061694813e-02 9.994166564941406250e+01 9.955000305175781250e+01
9.800000000000000000e+01 4.270322301940457886e-03 1.923205534163636293e-02 9.983333587646484375e+01 9.955000305175781250e+01
9.900000000000000000e+01 5.041880637601328825e-03 1.954402947440968610e-02 9.980000305175781250e+01 9.944999694824218750e+01
